case #1:
A: <=
1 -1 -1 3
5 1 3 8
-1 2 3 -5
b:
1 55 3
c:
max 4 1 5 3

case #2:
A: =
1 -1 -1 3 1 0 0
5 1 3 8 0 1 0
-1 2 3 -5 0 0 1
b:
1 55 3
c:
max 4 1 5 3 0 0 0

case #3:
A: <=
1 1
-1 3
b:
3 5
c:
min -1 -2

case #4:
A: <=
1 1
2 3
b:
1 5
c:
max 10 25

case #5:
A: <= and >=
1 -2 1
-1 -2 3
1 0 0
0 -1 0
b:
3 -2 1 -1
c:
2 2 7

case #6:
A: =
0 1 0 4
0 0 1 5
1 0 0 8
b:
1 2 3
c:
min 1 5 2 9

case #7:
A: =
1 1 0 1 4 0 0 9 0
0 4 0 3 0 0 1 7 0
0 5 0 7 6 0 0 3 1
0 9 0 1 9 1 0 2 0
0 4 1 3 0 0 0 1 0
b:
1 2 3 4 5
c:
min 1 2 3 4 5 6 7 8 9

case #8:
A: >=
1 4 -2
-1 3 0
2 9 4
1 3 7
b:
-4 -2 -1 -4
c:
max 9 2 6